1 2.73861278752583059415 0.40297986606396252185
2 2.92261298612503050975 0.21897966746476260624
3 3.02729785665784278947 0.11429479693195032652
4 3.08319302033945374930 0.05839963325033936670
5 3.11207383861108688450 0.02951881497870623150
6 3.12675278978900461624 0.01483986380078849976
7 3.13415252177151826274 0.00744013181827485326
8 3.13786752713559913275 0.00372512645419398325
9 3.13972882391625995879 0.00186382967353315721
10 3.14066042197831229998 0.00093223161148081601
11 3.14112645857003025540 0.00046619501976286060
12 3.14135953627387243259 0.00023311731592068341
13 3.14147608998000027469 0.00011656360979284131
14 3.14153437054690121144 0.00005828304289190456
15 3.14156351175883985505 0.00002914183095326095
16 inf inf
17 inf inf
18 inf inf
19 inf inf
20 inf inf
21 inf inf
22 inf inf
23 inf inf
24 inf inf
